1 24 49
2 26 48
3 28 49
4 29 47
5 28 45
6 26 44
7 25 42
8 24 44
9 25 46
10 24 48
11 26 49
12 28 48
13 29 46
14 27 47
15 29 48
16 27 49
17 25 48
18 24 46
19 26 45
20 28 46
21 27 48
22 29 49
23 28 47
24 26 46
25 24 47
26 25 49
27 26 47
28 25 45
29 24 43
30 26 42
31 28 43
32 29 45
33 27 46
34 28 44
35 29 42
36 30 44
37 31 46
38 30 48
39 32 49
40 34 48
41 35 46
42 33 47
43 35 48
44 33 49
45 31 48
46 30 46
47 32 45
48 34 46
49 33 48
50 35 49
51 34 47
52 32 46
53 30 47
54 31 49
55 32 47
56 31 45
57 30 43
58 32 42
59 34 43
60 35 45
61 33 46
62 34 44
63 35 42
64 33 43
65 31 44
66 30 42
67 32 43
68 33 45
69 35 44
70 34 42
71 33 44
72 35 43
73 33 42
74 31 43
75 30 45
76 31 47
77 30 49
78 32 48
79 34 49
80 35 47
81 34 45
82 32 44
83 31 42
84 32 40
85 34 41
86 35 39
87 34 37
88 32 36
89 30 37
90 32 38
91 31 36
92 30 38
93 31 40
94 33 39
95 32 37
96 30 36
97 31 38
98 30 40
99 32 41
100 34 40
101 33 38
102 34 36
103 35 38
104 33 37
105 34 35
106 32 34
107 30 35
108 31 33
109 33 34
110 35 35
111 34 33
112 35 31
113 33 30
114 31 31
115 30 33
116 31 35
117 32 33
118 33 35
119 35 34
120 34 32
121 35 30
122 33 31
123 35 32
124 34 30
125 33 32
126 34 34
127 32 35
128 30 34
129 31 32
130 30 30
131 32 31
132 33 33
133 31 34
134 30 32
135 29 30
136 28 32
137 29 34
138 27 35
139 26 33
140 25 35
141 24 33
142 25 31
143 27 30
144 29 31
145 28 33
146 29 35
147 27 34
148 25 33
149 24 35
150 26 34
151 28 35
152 29 33
153 28 31
154 26 30
155 24 31
156 26 32
157 25 30
158 24 32
159 25 34
160 27 33
161 26 31
162 24 30
163 25 32
164 24 34
165 26 35
166 28 34
167 27 32
168 28 30
169 29 32
170 27 31
171 28 29
172 26 28
173 24 29
174 25 27
175 27 28
176 29 29
177 28 27
178 29 25
179 27 24
180 25 25
181 24 27
182 25 29
183 26 27
184 27 29
185 29 28
186 28 26
187 29 24
188 27 25
189 29 26
190 28 24
191 27 26
192 28 28
193 26 29
194 24 28
195 25 26
196 24 24
197 26 25
198 27 27
199 25 28
200 24 26
201 23 24
202 22 26
203 23 28
204 21 29
205 20 27
206 19 29
207 18 27
208 19 25
209 21 24
210 23 25
211 22 27
212 23 29
213 21 28
214 19 27
215 18 29
216 17 27
217 16 25
218 14 24
219 12 25
220 14 26
221 13 24
222 12 26
223 13 28
224 15 27
225 14 25
226 12 24
227 13 26
228 12 28
229 14 29
230 16 28
231 15 26
232 16 24
233 17 26
234 15 25
235 17 24
236 16 26
237 17 28
238 15 29
239 14 27
240 13 29
241 12 27
242 13 25
243 15 24
244 17 25
245 16 27
246 17 29
247 15 28
248 13 27
249 12 29
250 14 28
251 16 29
252 15 31
253 17 32
254 16 30
255 15 32
256 16 34
257 14 35
258 12 34
259 13 32
260 12 30
261 14 31
262 15 33
263 13 34
264 12 32
265 13 30
266 14 32
267 12 31
268 14 30
269 16 31
270 17 33
271 16 35
272 14 34
273 13 36
274 14 38
275 12 37
276 14 36
277 16 37
278 17 39
279 18 41
280 19 39
281 21 40
282 23 41
283 22 39
284 23 37
285 21 36
286 19 37
287 18 39
288 19 41
289 20 39
290 21 41
291 23 40
292 22 38
293 23 36
294 21 37
295 23 38
296 22 36
297 21 38
298 22 40
299 20 41
300 18 40
301 19 38
302 18 36
303 20 37
304 21 39
305 19 40
306 18 38
307 19 36
308 20 38
309 18 37
310 20 36
311 22 37
312 23 39
313 22 41
314 20 40
315 19 42
316 20 44
317 22 45
318 23 47
319 22 49
320 20 48
321 18 49
322 19 47
323 18 45
324 19 43
325 21 42
326 23 43
327 21 44
328 22 42
329 23 44
330 21 45
331 20 43
332 18 42
333 19 44
334 21 43
335 23 42
336 22 44
337 21 46
338 23 45
339 22 43
340 20 42
341 18 43
342 19 45
343 20 47
344 19 49
345 18 47
346 20 46
347 22 47
348 23 49
349 21 48
350 22 46
351 20 45
352 18 46
353 19 48
354 21 49
355 23 48
356 21 47
357 23 46
358 22 48
359 20 49
360 18 48
361 19 46
362 18 44
363 17 42
364 16 44
365 15 46
366 17 45
367 16 43
368 14 42
369 12 43
370 13 45
371 14 47
372 13 49
373 12 47
374 14 46
375 16 47
376 17 49
377 15 48
378 16 46
379 14 45
380 12 46
381 13 48
382 15 49
383 17 48
384 15 47
385 17 46
386 16 48
387 14 49
388 12 48
389 13 46
390 12 44
391 13 42
392 14 44
393 16 45
394 17 47
395 16 49
396 14 48
397 12 49
398 13 47
399 12 45
400 13 43
401 15 42
402 17 43
403 15 44
404 16 42
405 17 44
406 15 45
407 14 43
408 12 42
409 13 44
410 15 43
411 16 41
412 14 40
413 12 41
414 13 39
415 15 40
416 17 41
417 16 39
418 17 37
419 15 36
420 13 37
421 12 39
422 13 41
423 14 39
424 15 41
425 17 40
426 16 38
427 17 36
428 15 37
429 17 38
430 16 36
431 15 38
432 16 40
433 14 41
434 12 40
435 13 38
436 12 36
437 14 37
438 15 39
439 13 40
440 12 38
441 11 36
442 10 38
443 11 40
444 9 41
445 8 39
446 7 41
447 6 39
448 7 37
449 9 36
450 11 37
451 10 39
452 11 41
453 9 40
454 7 39
455 6 41
456 5 39
457 4 37
458 2 36
459 0 37
460 2 38
461 1 36
462 0 38
463 1 40
464 3 39
465 2 37
466 0 36
467 1 38
468 0 40
469 2 41
470 4 40
471 3 38
472 4 36
473 5 38
474 3 37
475 5 36
476 4 38
477 5 40
478 3 41
479 2 39
480 1 41
481 0 39
482 1 37
483 3 36
484 5 37
485 4 39
486 5 41
487 3 40
488 1 39
489 0 41
490 2 40
491 4 41
492 3 43
493 1 44
494 0 42
495 2 43
496 3 45
497 5 44
498 4 42
499 3 44
500 5 43
501 3 42
502 1 43
503 0 45
504 1 47
505 0 49
506 2 48
507 4 49
508 5 47
509 4 45
510 2 44
511 1 42
512 0 44
513 1 46
514 0 48
515 2 49
516 4 48
517 5 46
518 3 47
519 5 48
520 3 49
521 1 48
522 0 46
523 2 45
524 4 46
525 3 48
526 5 49
527 4 47
528 2 46
529 0 47
530 1 49
531 2 47
532 1 45
533 0 43
534 2 42
535 4 43
536 5 45
537 3 46
538 4 44
539 5 42
540 6 44
541 7 46
542 6 48
543 8 49
544 10 48
545 11 46
546 9 47
547 11 48
548 9 49
549 7 48
550 6 46
551 8 45
552 10 46
553 9 48
554 11 49
555 10 47
556 8 46
557 6 47
558 7 49
559 8 47
560 7 45
561 6 43
562 8 42
563 10 43
564 11 45
565 9 46
566 10 44
567 11 42
568 9 43
569 7 44
570 6 42
571 8 43
572 9 45
573 11 44
574 10 42
575 9 44
576 11 43
577 9 42
578 7 43
579 6 45
580 7 47
581 6 49
582 8 48
583 10 49
584 11 47
585 10 45
586 8 44
587 7 42
588 8 40
589 10 41
590 11 39
591 10 37
592 8 36
593 6 37
594 8 38
595 7 36
596 6 38
597 7 40
598 9 39
599 8 37
600 6 36
601 7 38
602 6 40
603 8 41
604 10 40
605 9 38
606 10 36
607 11 38
608 9 37
609 10 35
610 8 34
611 6 35
612 7 33
613 9 34
614 11 35
615 10 33
616 11 31
617 9 30
618 7 31
619 6 33
620 7 35
621 8 33
622 9 35
623 11 34
624 10 32
625 11 30
626 9 31
627 11 32
628 10 30
629 9 32
630 10 34
631 8 35
632 6 34
633 7 32
634 6 30
635 8 31
636 9 33
637 7 34
638 6 32
639 5 30
640 4 32
641 5 34
642 3 35
643 2 33
644 1 35
645 0 33
646 1 31
647 3 30
648 5 31
649 4 33
650 5 35
651 3 34
652 1 33
653 0 35
654 2 34
655 4 35
656 5 33
657 4 31
658 2 30
659 0 31
660 2 32
661 1 30
662 0 32
663 1 34
664 3 33
665 2 31
666 0 30
667 1 32
668 0 34
669 2 35
670 4 34
671 3 32
672 4 30
673 5 32
674 3 31
675 4 29
676 2 28
677 0 29
678 1 27
679 3 28
680 5 29
681 4 27
682 5 25
683 3 24
684 1 25
685 0 27
686 1 29
687 2 27
688 3 29
689 5 28
690 4 26
691 5 24
692 3 25
693 5 26
694 4 24
695 3 26
696 4 28
697 2 29
698 0 28
699 1 26
700 0 24
701 2 25
702 3 27
703 1 28
704 0 26
705 1 24
706 2 26
707 0 25
708 2 24
709 4 25
710 5 27
711 6 29
712 7 27
713 9 28
714 11 29
715 10 27
716 11 25
717 9 24
718 7 25
719 6 27
720 7 29
721 8 27
722 9 29
723 11 28
724 10 26
725 11 24
726 9 25
727 11 26
728 10 24
729 9 26
730 10 28
731 8 29
732 6 28
733 7 26
734 6 24
735 8 25
736 9 27
737 7 28
738 6 26
739 7 24
740 8 26
741 6 25
742 8 24
743 10 25
744 11 27
745 10 29
746 8 28
747 7 30
748 8 32
749 6 31
750 8 30
751 10 31
752 11 33
753 12 35
754 13 33
755 15 34
756 17 35
757 16 33
758 17 31
759 15 30
760 13 31
761 12 33
762 13 35
763 14 33
764 15 35
765 17 34
766 16 32
767 17 30
768 18 32
769 19 34
770 21 33
771 20 31
772 18 30
773 19 32
774 18 34
775 20 35
776 22 34
777 21 32
778 22 30
779 23 32
780 21 31
781 23 30
782 22 32
783 23 34
784 21 35
785 20 33
786 19 35
787 18 33
788 19 31
789 21 30
790 23 31
791 22 33
792 23 35
793 21 34
794 19 33
795 18 35
796 20 34
797 22 35
798 23 33
799 22 31
800 20 30
801 18 31
802 20 32
803 19 30
804 20 28
805 22 29
806 23 27
807 22 25
808 20 24
809 18 25
810 20 26
811 19 24
812 18 26
813 19 28
814 21 27
815 20 25
816 18 24
817 19 26
818 18 28
819 20 29
820 22 28
821 21 26
822 22 24
823 23 26
824 21 25
825 22 23
826 20 22
827 18 23
828 19 21
829 21 22
830 23 23
831 22 21
832 23 19
833 21 18
834 19 19
835 18 21
836 19 23
837 20 21
838 21 23
839 23 22
840 22 20
841 23 18
842 21 19
843 23 20
844 22 18
845 21 20
846 22 22
847 20 23
848 18 22
849 19 20
850 18 18
851 20 19
852 21 21
853 19 22
854 18 20
855 17 18
856 16 20
857 17 22
858 15 23
859 14 21
860 13 23
861 12 21
862 13 19
863 15 18
864 17 19
865 16 21
866 17 23
867 15 22
868 13 21
869 12 23
870 14 22
871 16 23
872 17 21
873 16 19
874 14 18
875 12 19
876 14 20
877 13 18
878 12 20
879 13 22
880 15 21
881 14 19
882 12 18
883 13 20
884 12 22
885 14 23
886 16 22
887 15 20
888 16 18
889 17 20
890 15 19
891 16 17
892 14 16
893 12 17
894 13 15
895 15 16
896 17 17
897 16 15
898 17 13
899 15 12
900 13 13
901 12 15
902 13 17
903 14 15
904 15 17
905 17 16
906 16 14
907 17 12
908 15 13
909 17 14
910 16 12
911 15 14
912 16 16
913 14 17
914 12 16
915 13 14
916 12 12
917 14 13
918 15 15
919 13 16
920 12 14
921 11 12
922 10 14
923 11 16
924 9 17
925 8 15
926 7 17
927 6 15
928 7 13
929 9 12
930 11 13
931 10 15
932 11 17
933 9 16
934 7 15
935 6 17
936 5 15
937 4 13
938 2 12
939 0 13
940 2 14
941 1 12
942 0 14
943 1 16
944 3 15
945 2 13
946 0 12
947 1 14
948 0 16
949 2 17
950 4 16
951 3 14
952 4 12
953 5 14
954 3 13
955 5 12
956 4 14
957 5 16
958 3 17
959 2 15
960 1 17
961 0 15
962 1 13
963 3 12
964 5 13
965 4 15
966 5 17
967 3 16
968 1 15
969 0 17
970 2 16
971 4 17
972 3 19
973 5 20
974 4 18
975 3 20
976 4 22
977 2 23
978 0 22
979 1 20
980 0 18
981 2 19
982 3 21
983 1 22
984 0 20
985 1 18
986 2 20
987 0 19
988 2 18
989 4 19
990 5 21
991 4 23
992 2 22
993 0 23
994 1 21
995 3 22
996 5 23
997 4 21
998 5 19
999 3 18
1000 1 19
1001 0 21
1002 1 23
1003 2 21
1004 3 23
1005 5 22
1006 4 20
1007 5 18
1008 6 20
1009 7 22
1010 9 21
1011 8 19
1012 6 18
1013 7 20
1014 6 22
1015 8 23
1016 10 22
1017 9 20
1018 10 18
1019 11 20
1020 9 19
1021 11 18
1022 10 20
1023 11 22
1024 9 23
1025 8 21
1026 7 23
1027 6 21
1028 7 19
1029 9 18
1030 11 19
1031 10 21
1032 11 23
1033 9 22
1034 7 21
1035 6 23
1036 8 22
1037 10 23
1038 11 21
1039 10 19
1040 8 18
1041 6 19
1042 8 20
1043 7 18
1044 8 16
1045 10 17
1046 11 15
1047 10 13
1048 8 12
1049 6 13
1050 8 14
1051 7 12
1052 6 14
1053 7 16
1054 9 15
1055 8 13
1056 6 12
1057 7 14
1058 6 16
1059 8 17
1060 10 16
1061 9 14
1062 10 12
1063 11 14
1064 9 13
1065 10 11
1066 8 10
1067 6 11
1068 7 9
1069 9 10
1070 11 11
1071 10 9
1072 11 7
1073 9 6
1074 7 7
1075 6 9
1076 7 11
1077 8 9
1078 9 11
1079 11 10
1080 10 8
1081 11 6
1082 9 7
1083 11 8
1084 10 6
1085 9 8
1086 10 10
1087 8 11
1088 6 10
1089 7 8
1090 6 6
1091 8 7
1092 9 9
1093 7 10
1094 6 8
1095 5 6
1096 4 8
1097 5 10
1098 3 11
1099 2 9
1100 1 11
1101 0 9
1102 1 7
1103 3 6
1104 5 7
1105 4 9
1106 5 11
1107 3 10
1108 1 9
1109 0 11
1110 2 10
1111 4 11
1112 5 9
1113 4 7
1114 2 6
1115 0 7
1116 2 8
1117 1 6
1118 0 8
1119 1 10
1120 3 9
1121 2 7
1122 0 6
1123 1 8
1124 0 10
1125 2 11
1126 4 10
1127 3 8
1128 4 6
1129 5 8
1130 3 7
1131 4 5
1132 2 4
1133 0 5
1134 1 3
1135 3 4
1136 5 5
1137 4 3
1138 5 1
1139 3 0
1140 1 1
1141 0 3
1142 1 5
1143 2 3
1144 3 5
1145 5 4
1146 4 2
1147 5 0
1148 3 1
1149 5 2
1150 4 0
1151 3 2
1152 4 4
1153 2 5
1154 0 4
1155 1 2
1156 0 0
1157 2 1
1158 3 3
1159 1 4
1160 0 2
1161 1 0
1162 2 2
1163 0 1
1164 2 0
1165 4 1
1166 5 3
1167 6 5
1168 7 3
1169 9 4
1170 11 5
1171 10 3
1172 11 1
1173 9 0
1174 7 1
1175 6 3
1176 7 5
1177 8 3
1178 9 5
1179 11 4
1180 10 2
1181 11 0
1182 9 1
1183 11 2
1184 10 0
1185 9 2
1186 10 4
1187 8 5
1188 6 4
1189 7 2
1190 6 0
1191 8 1
1192 9 3
1193 7 4
1194 6 2
1195 7 0
1196 8 2
1197 6 1
1198 8 0
1199 10 1
1200 11 3
1201 10 5
1202 8 4
1203 7 6
1204 8 8
1205 6 7
1206 8 6
1207 10 7
1208 11 9
1209 12 11
1210 13 9
1211 15 10
1212 17 11
1213 16 9
1214 17 7
1215 15 6
1216 13 7
1217 12 9
1218 13 11
1219 14 9
1220 15 11
1221 17 10
1222 16 8
1223 17 6
1224 18 8
1225 19 10
1226 21 9
1227 20 7
1228 18 6
1229 19 8
1230 18 10
1231 20 11
1232 22 10
1233 21 8
1234 22 6
1235 23 8
1236 21 7
1237 23 6
1238 22 8
1239 23 10
1240 21 11
1241 20 9
1242 19 11
1243 18 9
1244 19 7
1245 21 6
1246 23 7
1247 22 9
1248 23 11
1249 21 10
1250 19 9
1251 18 11
1252 20 10
1253 22 11
1254 23 9
1255 22 7
1256 20 6
1257 18 7
1258 20 8
1259 19 6
1260 20 4
1261 22 5
1262 23 3
1263 22 1
1264 20 0
1265 18 1
1266 20 2
1267 19 0
1268 18 2
1269 19 4
1270 21 3
1271 20 1
1272 18 0
1273 19 2
1274 18 4
1275 20 5
1276 22 4
1277 21 2
1278 22 0
1279 23 2
1280 21 1
1281 23 0
1282 22 2
1283 23 4
1284 21 5
1285 20 3
1286 19 5
1287 18 3
1288 19 1
1289 21 0
1290 23 1
1291 22 3
1292 23 5
1293 21 4
1294 19 3
1295 18 5
1296 17 3
1297 16 1
1298 14 0
1299 12 1
1300 14 2
1301 13 0
1302 12 2
1303 13 4
1304 15 3
1305 14 1
1306 12 0
1307 13 2
1308 12 4
1309 14 5
1310 16 4
1311 15 2
1312 16 0
1313 17 2
1314 15 1
1315 17 0
1316 16 2
1317 17 4
1318 15 5
1319 14 3
1320 13 5
1321 12 3
1322 13 1
1323 15 0
1324 17 1
1325 16 3
1326 17 5
1327 15 4
1328 13 3
1329 12 5
1330 14 4
1331 16 5
1332 15 7
1333 17 8
1334 16 6
1335 15 8
1336 16 10
1337 14 11
1338 12 10
1339 13 8
1340 12 6
1341 14 7
1342 15 9
1343 13 10
1344 12 8
1345 13 6
1346 14 8
1347 12 7
1348 14 6
1349 16 7
1350 17 9
1351 16 11
1352 14 10
1353 13 12
1354 14 14
1355 12 13
1356 14 12
1357 16 13
1358 17 15
1359 18 17
1360 19 15
1361 21 16
1362 23 17
1363 22 15
1364 23 13
1365 21 12
1366 19 13
1367 18 15
1368 19 17
1369 20 15
1370 21 17
1371 23 16
1372 22 14
1373 23 12
1374 21 13
1375 23 14
1376 22 12
1377 21 14
1378 22 16
1379 20 17
1380 18 16
1381 19 14
1382 18 12
1383 20 13
1384 21 15
1385 19 16
1386 18 14
1387 19 12
1388 20 14
1389 18 13
1390 20 12
1391 22 13
1392 23 15
1393 22 17
1394 20 16
1395 19 18
1396 20 20
1397 18 19
1398 20 18
1399 22 19
1400 23 21
1401 24 23
1402 25 21
1403 27 22
1404 29 23
1405 28 21
1406 29 19
1407 27 18
1408 25 19
1409 24 21
1410 25 23
1411 26 21
1412 27 23
1413 29 22
1414 28 20
1415 29 18
1416 30 20
1417 31 22
1418 33 21
1419 32 19
1420 30 18
1421 31 20
1422 30 22
1423 32 23
1424 34 22
1425 33 20
1426 34 18
1427 35 20
1428 33 19
1429 35 18
1430 34 20
1431 35 22
1432 33 23
1433 32 21
1434 31 23
1435 30 21
1436 31 19
1437 33 18
1438 35 19
1439 34 21
1440 35 23
1441 33 22
1442 31 21
1443 30 23
1444 32 22
1445 34 23
1446 35 21
1447 34 19
1448 32 18
1449 30 19
1450 32 20
1451 31 18
1452 32 16
1453 34 17
1454 35 15
1455 34 13
1456 32 12
1457 30 13
1458 32 14
1459 31 12
1460 30 14
1461 31 16
1462 33 15
1463 32 13
1464 30 12
1465 31 14
1466 30 16
1467 32 17
1468 34 16
1469 33 14
1470 34 12
1471 35 14
1472 33 13
1473 34 11
1474 32 10
1475 30 11
1476 31 9
1477 33 10
1478 35 11
1479 34 9
1480 35 7
1481 33 6
1482 31 7
1483 30 9
1484 31 11
1485 32 9
1486 33 11
1487 35 10
1488 34 8
1489 35 6
1490 33 7
1491 35 8
1492 34 6
1493 33 8
1494 34 10
1495 32 11
1496 30 10
1497 31 8
1498 30 6
1499 32 7
1500 33 9
1501 31 10
1502 30 8
1503 29 6
1504 28 8
1505 29 10
1506 27 11
1507 26 9
1508 25 11
1509 24 9
1510 25 7
1511 27 6
1512 29 7
1513 28 9
1514 29 11
1515 27 10
1516 25 9
1517 24 11
1518 26 10
1519 28 11
1520 29 9
1521 28 7
1522 26 6
1523 24 7
1524 26 8
1525 25 6
1526 24 8
1527 25 10
1528 27 9
1529 26 7
1530 24 6
1531 25 8
1532 24 10
1533 26 11
1534 28 10
1535 27 8
1536 28 6
1537 29 8
1538 27 7
1539 28 5
1540 26 4
1541 24 5
1542 25 3
1543 27 4
1544 29 5
1545 28 3
1546 29 1
1547 27 0
1548 25 1
1549 24 3
1550 25 5
1551 26 3
1552 27 5
1553 29 4
1554 28 2
1555 29 0
1556 27 1
1557 29 2
1558 28 0
1559 27 2
1560 28 4
1561 26 5
1562 24 4
1563 25 2
1564 24 0
1565 26 1
1566 27 3
1567 25 4
1568 24 2
1569 25 0
1570 26 2
1571 24 1
1572 26 0
1573 28 1
1574 29 3
1575 30 5
1576 31 3
1577 33 4
1578 35 5
1579 34 3
1580 35 1
1581 33 0
1582 31 1
1583 30 3
1584 31 5
1585 32 3
1586 33 5
1587 35 4
1588 34 2
1589 35 0
1590 33 1
1591 35 2
1592 34 0
1593 33 2
1594 34 4
1595 32 5
1596 30 4
1597 31 2
1598 30 0
1599 32 1
1600 33 3
1601 31 4
1602 30 2
1603 31 0
1604 32 2
1605 30 1
1606 32 0
1607 34 1
1608 35 3
1609 34 5
1610 32 4
1611 31 6
1612 32 8
1613 30 7
1614 32 6
1615 34 7
1616 35 9
1617 36 11
1618 37 9
1619 39 10
1620 41 11
1621 40 9
1622 41 7
1623 39 6
1624 37 7
1625 36 9
1626 37 11
1627 38 9
1628 39 11
1629 41 10
1630 40 8
1631 41 6
1632 42 8
1633 43 10
1634 45 11
1635 46 9
1636 44 10
1637 42 11
1638 43 9
1639 44 7
1640 42 6
1641 43 8
1642 45 9
1643 44 11
1644 42 10
1645 44 9
1646 43 11
1647 42 9
1648 43 7
1649 45 6
1650 47 7
1651 49 6
1652 48 8
1653 49 10
1654 47 11
1655 45 10
1656 44 8
1657 42 7
1658 44 6
1659 46 7
1660 48 6
1661 49 8
1662 48 10
1663 46 11
1664 47 9
1665 48 11
1666 49 9
1667 48 7
1668 46 6
1669 45 8
1670 46 10
1671 48 9
1672 49 11
1673 47 10
1674 46 8
1675 47 6
1676 49 7
1677 47 8
1678 45 7
1679 43 6
1680 44 4
1681 46 3
1682 45 5
1683 43 4
1684 42 2
1685 43 0
1686 45 1
1687 47 2
1688 49 1
1689 47 0
1690 46 2
1691 47 4
1692 49 5
1693 48 3
1694 46 4
1695 45 2
1696 46 0
1697 48 1
1698 49 3
1699 48 5
1700 47 3
1701 46 5
1702 48 4
1703 49 2
1704 48 0
1705 46 1
1706 44 0
1707 42 1
1708 44 2
1709 45 4
1710 47 5
1711 49 4
1712 48 2
1713 49 0
1714 47 1
1715 45 0
1716 43 1
1717 42 3
1718 43 5
1719 44 3
1720 42 4
1721 44 5
1722 45 3
1723 43 2
1724 42 0
1725 44 1
1726 43 3
1727 42 5
1728 41 3
1729 40 1
1730 38 0
1731 36 1
1732 38 2
1733 37 0
1734 36 2
1735 37 4
1736 39 3
1737 38 1
1738 36 0
1739 37 2
1740 36 4
1741 38 5
1742 40 4
1743 39 2
1744 40 0
1745 41 2
1746 39 1
1747 41 0
1748 40 2
1749 41 4
1750 39 5
1751 38 3
1752 37 5
1753 36 3
1754 37 1
1755 39 0
1756 41 1
1757 40 3
1758 41 5
1759 39 4
1760 37 3
1761 36 5
1762 38 4
1763 40 5
1764 39 7
1765 41 8
1766 40 6
1767 39 8
1768 40 10
1769 38 11
1770 36 10
1771 37 8
1772 36 6
1773 38 7
1774 39 9
1775 37 10
1776 36 8
1777 37 6
1778 38 8
1779 36 7
1780 38 6
1781 40 7
1782 41 9
1783 40 11
1784 38 10
1785 37 12
1786 38 14
1787 36 13
1788 38 12
1789 40 13
1790 41 15
1791 42 17
1792 43 15
1793 44 13
1794 42 12
1795 43 14
1796 45 15
1797 44 17
1798 42 16
1799 44 15
1800 43 17
1801 42 15
1802 43 13
1803 45 12
1804 47 13
1805 49 12
1806 48 14
1807 49 16
1808 47 17
1809 45 16
1810 44 14
1811 42 13
1812 44 12
1813 46 13
1814 48 12
1815 49 14
1816 48 16
1817 46 17
1818 47 15
1819 48 17
1820 49 15
1821 48 13
1822 46 12
1823 45 14
1824 46 16
1825 48 15
1826 49 17
1827 47 16
1828 46 14
1829 47 12
1830 49 13
1831 47 14
1832 45 13
1833 43 12
1834 42 14
1835 43 16
1836 45 17
1837 46 15
1838 44 16
1839 43 18
1840 45 19
1841 47 20
1842 49 19
1843 47 18
1844 46 20
1845 47 22
1846 49 23
1847 48 21
1848 46 22
1849 45 20
1850 46 18
1851 48 19
1852 49 21
1853 48 23
1854 47 21
1855 46 23
1856 48 22
1857 49 20
1858 48 18
1859 46 19
1860 44 18
1861 42 19
1862 44 20
1863 45 22
1864 47 23
1865 49 22
1866 48 20
1867 49 18
1868 47 19
1869 45 18
1870 43 19
1871 42 21
1872 43 23
1873 44 21
1874 42 22
1875 44 23
1876 45 21
1877 43 20
1878 42 18
1879 44 19
1880 43 21
1881 42 23
1882 44 22
1883 46 21
1884 45 23
1885 43 22
1886 42 20
1887 41 18
1888 40 20
1889 41 22
1890 39 23
1891 38 21
1892 37 23
1893 36 21
1894 37 19
1895 39 18
1896 41 19
1897 40 21
1898 41 23
1899 39 22
1900 37 21
1901 36 23
1902 38 22
1903 40 23
1904 41 21
1905 40 19
1906 38 18
1907 36 19
1908 38 20
1909 37 18
1910 36 20
1911 37 22
1912 39 21
1913 38 19
1914 36 18
1915 37 20
1916 36 22
1917 38 23
1918 40 22
1919 39 20
1920 40 18
1921 41 20
1922 39 19
1923 40 17
1924 38 16
1925 36 17
1926 37 15
1927 39 16
1928 41 17
1929 40 15
1930 41 13
1931 39 12
1932 37 13
1933 36 15
1934 37 17
1935 38 15
1936 39 17
1937 41 16
1938 40 14
1939 41 12
1940 39 13
1941 41 14
1942 40 12
1943 39 14
1944 40 16
1945 38 17
1946 36 16
1947 37 14
1948 36 12
1949 38 13
1950 39 15
1951 37 16
1952 36 14
1953 35 12
1954 34 14
1955 35 16
1956 33 17
1957 32 15
1958 31 17
1959 30 15
1960 31 13
1961 33 12
1962 35 13
1963 34 15
1964 35 17
1965 33 16
1966 31 15
1967 30 17
1968 29 15
1969 28 13
1970 26 12
1971 24 13
1972 26 14
1973 25 12
1974 24 14
1975 25 16
1976 27 15
1977 26 13
1978 24 12
1979 25 14
1980 24 16
1981 26 17
1982 28 16
1983 27 14
1984 28 12
1985 29 14
1986 27 13
1987 29 12
1988 28 14
1989 29 16
1990 27 17
1991 26 15
1992 25 17
1993 24 15
1994 25 13
1995 27 12
1996 29 13
1997 28 15
1998 29 17
1999 27 16
2000 25 15
2001 24 17
2002 26 16
2003 28 17
2004 27 19
2005 29 20
2006 28 18
2007 27 20
2008 28 22
2009 26 23
2010 24 22
2011 25 20
2012 24 18
2013 26 19
2014 27 21
2015 25 22
2016 24 20
2017 25 18
2018 26 20
2019 24 19
2020 26 18
2021 28 19
2022 29 21
2023 28 23
2024 26 22
2025 25 24
2026 26 26
2027 24 25
2028 26 24
2029 28 25
2030 29 27
2031 30 29
2032 31 27
2033 33 28
2034 35 29
2035 34 27
2036 35 25
2037 33 24
2038 31 25
2039 30 27
2040 31 29
2041 32 27
2042 33 29
2043 35 28
2044 34 26
2045 35 24
2046 33 25
2047 35 26
2048 34 24
2049 33 26
2050 34 28
2051 32 29
2052 30 28
2053 31 26
2054 30 24
2055 32 25
2056 33 27
2057 31 28
2058 30 26
2059 31 24
2060 32 26
2061 30 25
2062 32 24
2063 34 25
2064 35 27
2065 34 29
2066 32 28
2067 31 30
2068 32 32
2069 30 31
2070 32 30
2071 34 31
2072 35 33
2073 36 35
2074 37 33
2075 39 34
2076 41 35
2077 40 33
2078 41 31
2079 39 30
2080 37 31
2081 36 33
2082 37 35
2083 38 33
2084 39 35
2085 41 34
2086 40 32
2087 41 30
2088 42 32
2089 43 34
2090 45 35
2091 46 33
2092 44 34
2093 42 35
2094 43 33
2095 44 31
2096 42 30
2097 43 32
2098 45 33
2099 44 35
2100 42 34
2101 44 33
2102 43 35
2103 42 33
2104 43 31
2105 45 30
2106 47 31
2107 49 30
2108 48 32
2109 49 34
2110 47 35
2111 45 34
2112 44 32
2113 42 31
2114 44 30
2115 46 31
2116 48 30
2117 49 32
2118 48 34
2119 46 35
2120 47 33
2121 48 35
2122 49 33
2123 48 31
2124 46 30
2125 45 32
2126 46 34
2127 48 33
2128 49 35
2129 47 34
2130 46 32
2131 47 30
2132 49 31
2133 47 32
2134 45 31
2135 43 30
2136 44 28
2137 46 27
2138 45 29
2139 43 28
2140 42 26
2141 43 24
2142 45 25
2143 47 26
2144 49 25
2145 47 24
2146 46 26
2147 47 28
2148 49 29
2149 48 27
2150 46 28
2151 45 26
2152 46 24
2153 48 25
2154 49 27
2155 48 29
2156 47 27
2157 46 29
2158 48 28
2159 49 26
2160 48 24
2161 46 25
2162 44 24
2163 42 25
2164 44 26
2165 45 28
2166 47 29
2167 49 28
2168 48 26
2169 49 24
2170 47 25
2171 45 24
2172 43 25
2173 42 27
2174 43 29
2175 44 27
2176 42 28
2177 44 29
2178 45 27
2179 43 26
2180 42 24
2181 44 25
2182 43 27
2183 42 29
2184 41 27
2185 40 25
2186 38 24
2187 36 25
2188 38 26
2189 37 24
2190 36 26
2191 37 28
2192 39 27
2193 38 25
2194 36 24
2195 37 26
2196 36 28
2197 38 29
2198 40 28
2199 39 26
2200 40 24
2201 41 26
2202 39 25
2203 41 24
2204 40 26
2205 41 28
2206 39 29
2207 38 27
2208 37 29
2209 36 27
2210 37 25
2211 39 24
2212 41 25
2213 40 27
2214 41 29
2215 39 28
2216 37 27
2217 36 29
2218 38 28
2219 40 29
2220 39 31
2221 41 32
2222 40 30
2223 39 32
2224 40 34
2225 38 35
2226 36 34
2227 37 32
2228 36 30
2229 38 31
2230 39 33
2231 37 34
2232 36 32
2233 37 30
2234 38 32
2235 36 31
2236 38 30
2237 40 31
2238 41 33
2239 40 35
2240 38 34
2241 37 36
2242 38 38
2243 36 37
2244 38 36
2245 40 37
2246 41 39
2247 42 41
2248 43 39
2249 44 37
2250 42 36
2251 43 38
2252 45 39
2253 44 41
2254 42 40
2255 44 39
2256 43 41
2257 42 39
2258 43 37
2259 45 36
2260 47 37
2261 49 36
2262 48 38
2263 49 40
2264 47 41
2265 45 40
2266 44 38
2267 42 37
2268 44 36
2269 46 37
2270 48 36
2271 49 38
2272 48 40
2273 46 41
2274 47 39
2275 48 41
2276 49 39
2277 48 37
2278 46 36
2279 45 38
2280 46 40
2281 48 39
2282 49 41
2283 47 40
2284 46 38
2285 47 36
2286 49 37
2287 47 38
2288 45 37
2289 43 36
2290 42 38
2291 43 40
2292 45 41
2293 46 39
2294 44 40
2295 43 42
2296 45 43
2297 47 44
2298 48 46
2299 46 45
2300 47 47
2301 49 48
2302 47 49
2303 45 48
2304 44 46
2305 46 47
2306 45 45
2307 43 46
2308 42 48
2309 44 49
2310 46 48
2311 48 49
2312 49 47
2313 47 46
2314 48 48
2315 49 46
2316 48 44
2317 49 42
2318 47 43
2319 49 44
2320 48 42
2321 46 43
2322 44 42
2323 42 43
2324 44 44
2325 45 42
2326 43 43
2327 42 45
2328 43 47
2329 42 49
2330 44 48
2331 46 49
2332 45 47
2333 43 48
2334 45 49
2335 47 48
2336 49 49
2337 48 47
2338 49 45
2339 48 43
2340 46 42
2341 44 43
2342 42 42
2343 43 44
2344 42 46
2345 44 47
2346 43 49
2347 42 47
2348 43 45
2349 45 44
2350 47 45
2351 45 46
2352 46 44
2353 47 42
2354 49 43
2355 48 45
2356 46 46
2357 44 45
2358 42 44
2359 41 42
2360 40 44
2361 39 46
2362 41 45
2363 40 43
2364 38 42
2365 36 43
2366 37 45
2367 38 47
2368 37 49
2369 36 47
2370 38 46
2371 40 47
2372 41 49
2373 39 48
2374 40 46
2375 38 45
2376 36 46
2377 37 48
2378 39 49
2379 41 48
2380 39 47
2381 41 46
2382 40 48
2383 38 49
2384 36 48
2385 37 46
2386 36 44
2387 37 42
2388 38 44
2389 40 45
2390 41 47
2391 40 49
2392 38 48
2393 36 49
2394 37 47
2395 36 45
2396 37 43
2397 39 42
2398 41 43
2399 39 44
2400 40 42
2401 41 44
2402 39 45
2403 38 43
2404 36 42
2405 37 44
2406 39 43
2407 40 41
2408 38 40
2409 36 41
2410 37 39
2411 39 40
2412 41 41
2413 40 39
2414 41 37
2415 39 36
2416 37 37
2417 36 39
2418 37 41
2419 38 39
2420 39 41
2421 41 40
2422 40 38
2423 41 36
2424 39 37
2425 41 38
2426 40 36
2427 39 38
2428 40 40
2429 38 41
2430 36 40
2431 37 38
2432 36 36
2433 38 37
2434 39 39
2435 37 40
2436 36 38
2437 35 36
2438 34 38
2439 35 40
2440 33 41
2441 32 39
2442 31 41
2443 30 39
2444 31 37
2445 33 36
2446 35 37
2447 34 39
2448 35 41
2449 33 40
2450 31 39
2451 30 41
2452 29 39
2453 28 37
2454 26 36
2455 24 37
2456 26 38
2457 25 36
2458 24 38
2459 25 40
2460 27 39
2461 26 37
2462 24 36
2463 25 38
2464 24 40
2465 26 41
2466 28 40
2467 27 38
2468 28 36
2469 29 38
2470 27 37
2471 29 36
2472 28 38
2473 29 40
2474 27 41
2475 26 39
2476 25 41
2477 24 39
2478 25 37
2479 27 36
2480 29 37
2481 28 39
2482 29 41
2483 27 40
2484 25 39
2485 24 41
2486 26 40
2487 28 41
2488 27 43
2489 25 44
2490 24 42
2491 26 43
2492 27 45
2493 29 44
2494 28 42
2495 27 44
2496 29 43
2497 27 42
2498 25 43
2499 24 45
2500 25 47
